$ANSIBLE_VAULT;1.1;AES256
37653130346364323639393335623636373531306637636637653637623730633134323836613265
3063326664303530396265333064323536663433376633630a643135396462303135343562373566
38366139643139656365386332646232363331623538653263653766306462363462646133336462
6631333936616337640a393537633030636331353733656134356362386166363239323461633035
33393635646434313931326633353731666131303963336631323435316465393431373462353437
66616234306364393965633937386239353433633435323266333638623336636133383364663461
36356630343333323832383639383738323939656662313664303335633833646435643935626135
34643736326165383039353435623639363366623166313634613835666630653533383565313536
31356430656137363931646234323430623534393362373834326562376661383439393261636465
32653764333466626363333761356465303135613034306533653337326538643064396430346465
62303930616262356637303662366635383965336165643031633366383235666364343730626530
65616162666266386538623964316132653235373336653536623236656661333535393237333364
62386363373362313762333130376431336339376439333863643636326363383038376535386436
30613765323732646164343164386561393535323539346231303466386261663763353136653230
363638613931393133356136336263363166
