$ANSIBLE_VAULT;1.1;AES256
38623836363637346431363033666533313766386137313638653534383130663664353437663864
3031363230623363393530643663313564353836333162310a373962306535393063346330666262
32393835373334356333376339303937313635623636303463353431393734366337653535393237
3339643938623662340a333366396437643236356635663234643632633563643732303561646366
31353865306563323966326337313561656232316464386437333430306532303935306365393865
31363331613563323362626537303638646537633236326631313030653265343138383663613235
66376365376430323433613961303537383930333230386536646263313562613466383939346239
38323866646236623739613464323962666434306163643639323036396233663836326138643035
39353161306332643765613833323531613264616539313839623737663936353761623037616561
64306633666464643832333661363862396464373637613662326634353237626137613766653863
31656337643938613739623737313933656134646337343436633561373564663563643462333735
65623036383633306335613533343763636637303534363134376637623839663434306134363231
38383262663332306537653339626533366234323466623065356335316161636661373936653931
61383737386262303233623930303865386364623665363361313963616237356135636565353534
33653534636431653561663464346634666665646663636234643639323963306637636330643461
64653531333230373766383833626533306331346134613264326563636532383561623266633735
32613735313861353239383231373035353233666235306662393863383966626131
