$ANSIBLE_VAULT;1.1;AES256
32633333663362663263633437613262653739386361323037303730623831336137646461626336
6534653333643237386637343536626666346238633838640a376666323434363939616638333266
65306561323737663837633633343132346461636332383863336336616132333632623432643231
3265343231383136310a323933376635393034653734613837346361336366383464663762663038
39643364613635623734663566303736653339393438343834643434393462613566623638316664
62306563396130393836376361376431316633376665336664636461616165396630353633393665
35376432353030376266653230336464626337346438653438383137623332396532653462636637
63373366346561656464306131396234393063346566396634346435313964383966386462323537
62656439616566306435393665626535313437653861323734663032363566346235313461643566
62326239336364303665316634656162336563626237356165623033363734323634316263343234
62363933643531326264343332653162376132383763353534303931616463313362393962306537
63373034666337663565663261343338383265323733663532396532363736633663363733626561
37343239366461626163613365303531316666316633353866346138326532623037393565323837
64373831623533656433633630366136663364613661626338663666356237343935633833373534
356665616231643032623264313338336537
