$ANSIBLE_VAULT;1.1;AES256
34323266363261646161356362393335646431316334613238383139313263343661616432666330
3132363265326235336531326130666630616362306639650a373838326235363633333364323835
32303134643965366234653933386130643336626236306166623334303939636134363931643439
6566316637303632630a336135616430393965346134336630366665346331373465393232626263
66353339303430653431373431613362666436386536386436353935646166323561663631373333
31633133386339626537363932626530653966616639653363656334353634356438323161323739
63646561363230333831393262316436656564663166303339303266643434363935326334636262
32336631373463313636363363383236613239643635326662343331356666366132663363303262
37386266373636353666663135333465373236666137366463623038336262353133306533316365
33333263613830623835323165613566643765336431636432663435313962353839373362626230
30633037366239373531623566303333356139646563303638623835663861333531363430366532
38363561313538613631626330326539333230396563646131396138326331626366363565333166
62393261393662333235353836636231373961383862656635393165336331346437613338366665
33323664666665623736613835393731653632393733336161383831363866366364643833353233
66346439633731373237663038613161336364623464633862656430313034666631663737333162
31633236613631656130616133396466363336666637643166353936633462343363376139363763
33326537363264623839323136303463636231373066636561326633633437653065636465353761
65636236366162323131643533336233653531373237306465363330343735353534386533383766
37343963336565306132306663386530313436626134653739663930613534346561616339636563
66623734323638306165353138393737643762613564326138383830313135393239666333303135
66306532393563343866346630623735386463383736393239353336616239343965663564663236
65336665353737656430383439643839383732303264363535663831373463666136373434333832
65666236383464383239653032373736613930666561623937323961636666663932343736303433
37323661323337366132653931343733643064383132393831373565303164633966363839323334
33376536313230383735363065306335356337613763366663663339376138333234316339303665
36396535656231343235393232393733376532303731346363656666336363363862653961363265
39346238346130643662613662663262373436613866356166363961666338396663333737616264
31323662313633353837346132346632323633656633396234633438656335313435363531356530
33326461336438316535343939393832656265346531666536336233323138303732336538303763
64366638363831656437393335303934316335316566326634643861663434393337613766636139
36356432363565323539323730383437643134643961613038613832376565653165333336366661
33343633333637373064663037306563633563613938633034393331303333623236363765653038
35376532333233356438383635323137636631326531353239393433383664643230306234303833
3634643530633437623235613936366537646665373339616438
