$ANSIBLE_VAULT;1.1;AES256
37636338366435346537616338316132393234366438366238666232313562666530616564326337
3438623138323030623463316430623461363036346663300a333832376362636433393033633231
33393033643134333635326236633333343333633236663039336139383234396264353038306664
6639333135386666380a373431323032383562353261633730343935333266656437313361373730
37346364313466653738656362376630663065626535613562356332343134663466653136333730
38393437393464386338303363623462626531643863346631626464353337373162643063653434
33613634303430336131643437363166656564366634396364653738656364386636396134616165
31343533373733363136353635343265326438373163366339663533303735626364393562363331
37393532333033383631373535633065643039663365663561383263366462343665616632363430
38653830613363303463656562333231666435643139616531626434326635343061363533316531
64363562343035393235646233326235393839663331303639626430303334313966646637356639
61663866346630396336623536633635353166313232623266383033323836653665646663363564
33336234633036623132366631666438663334336431623537386138633436643263336566313431
38363666623866303836616436646235643630393137313261663632336664303365363961333938
346231646362386663326465623330396666
